[gd_scene load_steps=8 format=3 uid="uid://dgcjrs7sklohi"]

[ext_resource type="PackedScene" uid="uid://bshffow1hsl8q" path="res://car.tscn" id="1_2bio0"]

[sub_resource type="StandardMaterial3D" id="StandardMaterial3D_ehavj"]
albedo_color = Color(0.0235294, 1, 0.721569, 1)

[sub_resource type="BoxMesh" id="BoxMesh_whqyf"]
material = SubResource("StandardMaterial3D_ehavj")
size = Vector3(500, 0.3, 500)

[sub_resource type="ConcavePolygonShape3D" id="ConcavePolygonShape3D_sfpga"]
data = PackedVector3Array(-250, 0.15, 250, 250, 0.15, 250, -250, -0.15, 250, 250, 0.15, 250, 250, -0.15, 250, -250, -0.15, 250, 250, 0.15, -250, -250, 0.15, -250, 250, -0.15, -250, -250, 0.15, -250, -250, -0.15, -250, 250, -0.15, -250, 250, 0.15, 250, 250, 0.15, -250, 250, -0.15, 250, 250, 0.15, -250, 250, -0.15, -250, 250, -0.15, 250, -250, 0.15, -250, -250, 0.15, 250, -250, -0.15, -250, -250, 0.15, 250, -250, -0.15, 250, -250, -0.15, -250, 250, 0.15, 250, -250, 0.15, 250, 250, 0.15, -250, -250, 0.15, 250, -250, 0.15, -250, 250, 0.15, -250, -250, -0.15, 250, 250, -0.15, 250, -250, -0.15, -250, 250, -0.15, 250, 250, -0.15, -250, -250, -0.15, -250)

[sub_resource type="StandardMaterial3D" id="StandardMaterial3D_aibps"]
albedo_color = Color(0.858824, 0.858824, 0, 1)

[sub_resource type="PrismMesh" id="PrismMesh_iv86h"]
material = SubResource("StandardMaterial3D_aibps")
left_to_right = 0.0
size = Vector3(20, 10, 10)

[sub_resource type="ConcavePolygonShape3D" id="ConcavePolygonShape3D_4gwug"]
data = PackedVector3Array(-10, 7.5, 5, 10, -7.5, 5, -10, -7.5, 5, -10, 7.5, -5, -10, -7.5, -5, 10, -7.5, -5, -10, 7.5, 5, -10, 7.5, -5, 10, -7.5, 5, -10, 7.5, -5, 10, -7.5, -5, 10, -7.5, 5, -10, 7.5, -5, -10, 7.5, 5, -10, -7.5, -5, -10, 7.5, 5, -10, -7.5, 5, -10, -7.5, -5, -10, -7.5, 5, 10, -7.5, 5, -10, -7.5, -5, 10, -7.5, 5, 10, -7.5, -5, -10, -7.5, -5)

[node name="map_3" type="Node3D"]

[node name="DirectionalLight3D" type="DirectionalLight3D" parent="."]
transform = Transform3D(-0.866023, -0.433016, 0.250001, 0, 0.499998, 0.866027, -0.500003, 0.749999, -0.43301, 0, 159, 0)
shadow_enabled = true

[node name="floor" type="MeshInstance3D" parent="."]
transform = Transform3D(1, 0, 0, 0, 1, 0, 0, 0, 1, 0, -3, 0)
mesh = SubResource("BoxMesh_whqyf")

[node name="StaticBody3D" type="StaticBody3D" parent="floor"]

[node name="CollisionShape3D" type="CollisionShape3D" parent="floor/StaticBody3D"]
shape = SubResource("ConcavePolygonShape3D_sfpga")

[node name="car" parent="." instance=ExtResource("1_2bio0")]
transform = Transform3D(1, 0, 0, 0, 1, 0, 0, 0, 1, 0, 7.4961, 0)

[node name="ramp" type="MeshInstance3D" parent="."]
transform = Transform3D(0.896981, 0, -0.44207, 0, 1, 0, 0.44207, 0, 0.896981, -93.6865, 0.1, 0)
mesh = SubResource("PrismMesh_iv86h")

[node name="StaticBody3D" type="StaticBody3D" parent="ramp"]

[node name="CollisionShape3D" type="CollisionShape3D" parent="ramp/StaticBody3D"]
shape = SubResource("ConcavePolygonShape3D_4gwug")

[node name="ramp2" type="MeshInstance3D" parent="."]
transform = Transform3D(-0.999686, 0, -0.0250777, 0, 1, 0, 0.0250777, 0, -0.999686, 132.676, 0.1, 0)
mesh = SubResource("PrismMesh_iv86h")

[node name="StaticBody3D" type="StaticBody3D" parent="ramp2"]

[node name="CollisionShape3D" type="CollisionShape3D" parent="ramp2/StaticBody3D"]
shape = SubResource("ConcavePolygonShape3D_4gwug")

[node name="ramp3" type="MeshInstance3D" parent="."]
transform = Transform3D(0.389622, 0, 0.920975, 0, 1, 0, -0.920975, 0, 0.389622, -165.004, 0.1, 162.584)
mesh = SubResource("PrismMesh_iv86h")

[node name="StaticBody3D" type="StaticBody3D" parent="ramp3"]

[node name="CollisionShape3D" type="CollisionShape3D" parent="ramp3/StaticBody3D"]
shape = SubResource("ConcavePolygonShape3D_4gwug")

[node name="ramp4" type="MeshInstance3D" parent="."]
transform = Transform3D(-0.851736, 0, 0.523971, 0, 1, 0, -0.523971, 0, -0.851736, 41.2644, 0.1, 162.584)
mesh = SubResource("PrismMesh_iv86h")

[node name="StaticBody3D" type="StaticBody3D" parent="ramp4"]

[node name="CollisionShape3D" type="CollisionShape3D" parent="ramp4/StaticBody3D"]
shape = SubResource("ConcavePolygonShape3D_4gwug")

[node name="ramp5" type="MeshInstance3D" parent="."]
transform = Transform3D(0.711131, 0, -0.70306, 0, 1, 0, 0.70306, 0, 0.711131, -118.394, 0.1, -151.156)
mesh = SubResource("PrismMesh_iv86h")

[node name="StaticBody3D" type="StaticBody3D" parent="ramp5"]

[node name="CollisionShape3D" type="CollisionShape3D" parent="ramp5/StaticBody3D"]
shape = SubResource("ConcavePolygonShape3D_4gwug")

[node name="ramp6" type="MeshInstance3D" parent="."]
transform = Transform3D(-0.898656, 0, -0.438653, 0, 1, 0, 0.438653, 0, -0.898656, 152.523, 0.1, -151.156)
mesh = SubResource("PrismMesh_iv86h")

[node name="StaticBody3D" type="StaticBody3D" parent="ramp6"]

[node name="CollisionShape3D" type="CollisionShape3D" parent="ramp6/StaticBody3D"]
shape = SubResource("ConcavePolygonShape3D_4gwug")
